Execution time   -   Iterators
------------------------------
0.00000             0
0.04653             10
0.08676             20
0.10373             30
0.09128             40
0.10598             50
0.12665             60
0.14784             70
0.16906             80
0.19397             90
0.23757             100
0.24711             110
0.29572             120
0.34086             130
0.31838             140
0.33616             150
0.42114             160
0.53560             170
0.51996             180
0.55586             190
0.59451             200
