Execution time   -   Iterators
------------------------------
0.00000             0
0.03084             10
0.04744             20
0.67101             30
0.09407             40
0.12437             50
0.15641             60
0.17204             70
0.20345             80
0.24987             90
0.20258             100
0.28072             110
0.40576             120
0.38510             130
0.41953             140
0.39392             150
0.38801             160
0.43753             170
0.43745             180
0.59364             190
0.64067             200
