0.002 1
0.003 2
0.004 3
0.005 4
0.006 5
0.007 6
0.008 7
0.009 8
0.01 9
0.011 10
0.012 11
0.014 12
0.015 13
0.016 14
0.017 15
0.019 16
0.02 17
0.021 18
0.022 19
0.024 20
0.025 21
0.026 22
0.027 23
0.028 24
0.028 25
0.029 26
0.03 27
0.031 28
0.032 29
0.034 30
0.035 31
0.037 32
0.038 33
0.039 34
0.04 35
0.041 36
0.042 37
0.044 38
0.045 39
0.046 40
0.047 41
0.048 42
0.05 43
0.051 44
0.054 45
0.055 46
0.056 47
0.058 48
0.058 49
0.06 50
0.06 51
0.062 52
0.064 53
0.065 54
0.066 55
0.067 56
0.068 57
0.069 58
0.071 59
0.072 60
0.074 61
0.075 62
0.076 63
0.077 64
0.078 65
0.079 66
0.08 67
0.08 68
0.081 69
0.084 70
0.085 71
0.087 72
0.088 73
0.089 74
0.09 75
0.091 76
0.091 77
0.093 78
0.094 79
0.095 80
0.097 81
0.098 82
0.099 83
0.1 84
0.101 85
0.103 86
0.104 87
0.105 88
0.106 89
0.107 90
0.107 91
0.108 92
0.109 93
0.111 94
0.112 95
0.113 96
0.114 97
0.115 98
0.116 99
0.117 100
0.119 101
0.12 102
0.121 103
0.122 104
0.124 105
0.125 106
0.126 107
0.127 108
0.128 109
0.129 110
0.13 111
0.131 112
0.132 113
0.134 114
0.136 115
0.137 116
0.138 117
0.139 118
0.14 119
0.141 120
0.142 121
0.144 122
0.145 123
0.146 124
0.146 125
0.147 126
0.148 127
0.149 128
0.151 129
0.152 130
0.154 131
0.155 132
0.156 133
0.157 134
0.157 135
0.158 136
0.159 137
0.161 138
0.161 139
0.164 140
0.165 141
0.166 142
0.167 143
0.168 144
0.169 145
0.17 146
0.172 147
0.173 148
0.174 149
0.175 150
0.176 151
0.177 152
0.178 153
0.179 154
0.18 155
0.181 156
0.183 157
0.184 158
0.185 159
0.186 160
0.188 161
0.189 162
0.19 163
0.19 164
0.1921 165
0.193 166
0.194 167
0.195 168
0.196 169
0.198 170
0.199 171
0.2 172
0.2 173
0.203 174
0.204 175
0.206 176
0.207 177
0.207 178
0.208 179
0.209 180
0.211 181
0.212 182
0.213 183
0.214 184
0.215 185
0.216 186
0.217 187
0.219 188
0.22 189
0.221 190
0.223 191
0.224 192
0.225 193
0.226 194
0.227 195
0.228 196
0.229 197
0.23 198
0.231 199
0.232 200
0.234 201
0.234 202
0.236 203
0.237 204
0.238 205
0.239 206
0.24 207
0.241 208
0.242 209
0.244 210
0.244 211
0.245 212
0.246 213
0.247 214
0.248 215
0.249 216
0.25 217
0.252 218
0.253 219
0.254 220
0.255 221
0.256 222
0.257 223
0.258 224
0.259 225
0.261 226
0.263 227
0.264 228
0.265 229
0.266 230
0.267 231
0.268 232
0.269 233
0.27 234
0.273 235
0.274 236
0.275 237
0.276 238
0.277 239
0.277 240
0.278 241
0.279 242
0.28 243
0.281 244
0.283 245
0.285 246
0.286 247
0.288 248
0.289 249
0.289 250
0.29 251
0.292 252
0.293 253
0.294 254
0.295 255
0.296 256
0.298 257
0.299 258
0.299 259
0.301 260
0.303 261
0.304 262
0.305 263
0.306 264
0.307 265
0.308 266
0.309 267
0.31 268
0.311 269
0.313 270
0.314 271
0.315 272
0.316 273
0.317 274
0.319 275
0.32 276
0.321 277
0.322 278
0.323 279
0.324 280
0.325 281
0.326 282
0.327 283
0.328 284
0.329 285
0.329 286
0.332 287
0.333 288
0.334 289
0.335 290
0.337 291
0.338 292
0.338 293
0.339 294
0.34 295
0.342 296
0.343 297
0.344 298
0.345 299
0.346 300
0.346 301
0.348 302
0.349 303
0.35 304
0.352 305
0.354 306
0.354 307
0.355 308
0.356 309
0.357 310
0.358 311
0.359 312
0.36 313
0.362 314
0.363 315
0.364 316
0.365 317
0.365 318
0.366 319
0.368 320
0.369 321
0.371 322
0.372 323
0.374 324
0.375 325
0.375 326
0.376 327
0.377 328
0.378 329
0.379 330
0.38 331
0.382 332
0.383 333
0.384 334
0.386 335
0.387 336
0.388 337
0.389 338
0.39 339
0.392 340
0.393 341
0.394 342
0.395 343
0.395 344
0.396 345
0.397 346
0.398 347
0.399 348
0.401 349
0.403 350
0.4041 351
0.4051 352
0.406 353
0.408 354
0.409 355
0.409 356
0.41 357
0.411 358
0.413 359
0.414 360
0.414 361
0.415 362
0.416 363
0.418 364
0.419 365
0.421 366
0.423 367
0.424 368
0.425 369
0.425 370
0.426 371
0.427 372
0.429 373
0.43 374
0.431 375
0.433 376
0.434 377
0.435 378
0.437 379
0.438 380
0.439 381
0.439 382
0.44 383
0.441 384
0.443 385
0.444 386
0.445 387
0.446 388
0.447 389
0.447 390
0.448 391
0.449 392
0.451 393
0.453 394
0.454 395
0.455 396
0.456 397
0.458 398
0.458 399
0.46 400
0.461 401
0.462 402
0.463 403
0.464 404
0.465 405
0.466 406
0.468 407
0.469 408
0.47 409
0.472 410
0.473 411
0.474 412
0.475 413
0.476 414
0.477 415
0.477 416
0.478 417
0.48 418
0.482 419
0.483 420
0.484 421
0.485 422
0.487 423
0.488 424
0.489 425
0.489 426
0.492 427
0.493 428
0.494 429
0.495 430
0.496 431
0.497 432
0.498 433
0.499 434
0.5 435
0.503 436
0.504 437
0.505 438
0.506 439
0.507 440
0.508 441
0.509 442
0.51 443
0.512 444
0.513 445
0.514 446
0.515 447
0.515 448
0.516 449
0.517 450
0.519 451
0.521 452
0.522 453
0.523 454
0.524 455
0.525 456
0.526 457
0.527 458
0.528 459
0.529 460
0.53 461
0.532 462
0.533 463
0.535 464
0.536 465
0.538 466
0.539 467
0.54 468
0.542 469
0.542 470
0.543 471
0.544 472
0.545 473
0.546 474
0.547 475
0.548 476
0.549 477
0.552 478
0.553 479
0.554 480
0.556 481
0.558 482
0.559 483
0.56 484
0.561 485
0.563 486
0.564 487
0.565 488
0.566 489
0.567 490
0.568 491
0.569 492
0.571 493
0.573 494
0.574 495
0.575 496
0.576 497
0.577 498
0.578 499
0.579 500
0.58 501
0.58 502
0.582 503
0.584 504
0.585 505
0.587 506
0.588 507
0.589 508
0.59 509
0.591 510
0.592 511
0.593 512
0.594 513
0.595 514
0.596 515
0.597 516
0.598 517
0.599 518
0.601 519
0.604 520
0.604 521
0.606 522
0.607 523
0.607 524
0.608 525
0.609 526
0.61 527
0.611 528
0.612 529
0.614 530
0.614 531
0.615 532
0.616 533
0.617 534
0.619 535
0.621 536
0.623 537
0.6241 538
0.625 539
0.627 540
0.627 541
0.628 542
0.629 543
0.63 544
0.631 545
0.632 546
0.634 547
0.635 548
0.636 549
0.637 550
0.639 551
0.64 552
0.641 553
0.643 554
0.644 555
0.645 556
0.645 557
0.646 558
0.647 559
0.648 560
0.649 561
0.65 562
0.652 563
0.653 564
0.654 565
0.656 566
0.657 567
0.658 568
0.659 569
0.66 570
0.661 571
0.662 572
0.663 573
0.664 574
0.666 575
0.666 576
0.668 577
0.669 578
0.67 579
0.671 580
0.673 581
0.674 582
0.675 583
0.675 584
0.676 585
0.677 586
0.678 587
0.679 588
0.68 589
0.681 590
0.683 591
0.684 592
0.685 593
0.686 594
0.687 595
0.688 596
0.69 597
0.69 598
0.691 599
0.693 600
0.694 601
0.695 602
0.696 603
0.697 604
0.698 605
0.699 606
0.7 607
0.702 608
0.703 609
0.704 610
0.705 611
0.706 612
0.707 613
0.708 614
0.709 615
0.71 616
0.711 617
0.712 618
0.714 619
0.714 620
0.715 621
0.716 622
0.718 623
0.719 624
0.721 625
0.723 626
0.723 627
0.724 628
0.725 629
0.726 630
0.727 631
0.728 632
0.729 633
0.73 634
0.731 635
0.732 636
0.734 637
0.735 638
0.736 639
0.738 640
0.739 641
0.74 642
0.741 643
0.742 644
0.744 645
0.745 646
0.746 647
0.747 648
0.747 649
0.748 650
0.749 651
0.75 652
0.753 653
0.754 654
0.755 655
0.756 656
0.757 657
0.758 658
0.759 659
0.76 660
0.761 661
0.762 662
0.764 663
0.765 664
0.766 665
0.767 666
0.768 667
0.769 668
0.771 669
0.772 670
0.774 671
0.774 672
0.775 673
0.776 674
0.777 675
0.778 676
0.779 677
0.78 678
0.781 679
0.783 680
0.784 681
0.785 682
0.786 683
0.787 684
0.788 685
0.789 686
0.79 687
0.791 688
0.792 689
0.793 690
0.794 691
0.795 692
0.796 693
0.797 694
0.798 695
0.8 696
0.801 697
0.803 698
0.804 699
0.805 700
0.806 701
0.807 702
0.808 703
0.809 704
0.81 705
0.811 706
0.813 707
0.814 708
0.815 709
0.816 710
0.817 711
0.818 712
0.82 713
0.821 714
0.823 715
0.823 716
0.824 717
0.825 718
0.826 719
0.827 720
0.828 721
0.83 722
0.831 723
0.833 724
0.835 725
0.837 726
0.838 727
0.839 728
0.84 729
0.841 730
0.8431 731
0.844 732
0.845 733
0.846 734
0.846 735
0.848 736
0.849 737
0.849 738
0.851 739
0.853 740
0.854 741
0.855 742
0.856 743
0.857 744
0.858 745
0.859 746
0.86 747
0.86 748
0.861 749
0.863 750
0.8641 751
0.865 752
0.866 753
0.867 754
0.868 755
0.87 756
0.871 757
0.873 758
0.874 759
0.875 760
0.876 761
0.877 762
0.878 763
0.879 764
0.88 765
0.881 766
0.883 767
0.884 768
0.885 769
0.886 770
0.888 771
0.889 772
0.89 773
0.891 774
0.892 775
0.893 776
0.894 777
0.896 778
0.897 779
0.898 780
0.899 781
0.899 782
0.902 783
0.903 784
0.904 785
0.906 786
0.907 787
0.907 788
0.908 789
0.909 790
0.91 791
0.911 792
0.913 793
0.914 794
0.915 795
0.915 796
0.916 797
0.918 798
0.919 799
0.921 800
0.922 801
0.923 802
0.924 803
0.925 804
0.926 805
0.927 806
0.928 807
0.929 808
0.93 809
0.931 810
0.933 811
0.934 812
0.935 813
0.936 814
0.938 815
0.939 816
0.94 817
0.941 818
0.942 819
0.943 820
0.944 821
0.945 822
0.946 823
0.947 824
0.949 825
0.95 826
0.952 827
0.954 828
0.955 829
0.956 830
0.958 831
0.959 832
0.96 833
0.961 834
0.962 835
0.963 836
0.964 837
0.965 838
0.966 839
0.968 840
0.969 841
0.97 842
0.971 843
0.974 844
0.975 845
0.976 846
0.977 847
0.978 848
0.98 849
0.981 850
0.982 851
0.983 852
0.985 853
0.986 854
0.987 855
0.989 856
0.99 857
0.991 858
0.992 859
0.994 860
0.995 861
0.996 862
0.997 863
0.998 864
0.999 865
1.003 866
1.005 867
1.006 868
1.007 869
1.008 870
1.009 871
1.011 872
1.012 873
1.013 874
1.014 875
1.015 876
1.016 877
1.017 878
1.019 879
1.021 880
1.022 881
1.023 882
1.024 883
1.025 884
1.025 885
1.026 886
1.028 887
1.029 888
1.031 889
1.032 890
1.034 891
1.035 892
1.036 893
1.038 894
1.039 895
1.041 896
1.043 897
1.044 898
1.045 899
1.047 900
1.048 901
1.049 902
1.052 903
1.053 904
1.054 905
1.055 906
1.056 907
1.057 908
1.058 909
1.059 910
1.061 911
1.0621 912
1.0631 913
1.064 914
1.065 915
1.066 916
1.068 917
1.069 918
1.071 919
1.071 920
1.072 921
1.074 922
1.074 923
1.075 924
1.076 925
1.077 926
1.078 927
1.079 928
1.081 929
1.082 930
1.083 931
1.084 932
1.086 933
1.087 934
1.088 935
1.089 936
1.091 937
1.092 938
1.093 939
1.093 940
1.094 941
1.095 942
1.096 943
1.097 944
1.098 945
1.099 946
1.101 947
1.103 948
1.104 949
1.106 950
1.107 951
1.108 952
1.109 953
1.11 954
1.112 955
1.113 956
1.113 957
1.114 958
1.115 959
1.116 960
1.117 961
1.119 962
1.121 963
1.122 964
1.123 965
1.124 966
1.125 967
1.125 968
1.126 969
1.127 970
1.128 971
1.129 972
1.131 973
1.132 974
1.133 975
1.134 976
1.136 977
1.137 978
1.138 979
1.139 980
1.141 981
1.142 982
1.143 983
1.144 984
1.145 985
1.146 986
1.147 987
1.148 988
1.15 989
1.152 990
1.153 991
1.154 992
1.155 993
1.156 994
1.157 995
1.158 996
1.159 997
1.16 998
1.162 999
1.163 1000
